1 -0.57 3.617 1.12 0.97 2.767
2 -0.2 3.45 2.026 0.89 2.917
3 0.14 3.484 2.695 0.429 3.134
4 0.14 3.55 2.997 0.298 3.134
5 2.35 3.467 3.14 0.172 3.217
6 2.95 3.434 3.251 0.085 3.317
7 3.1 3.484 3.315 0.067 3.217
8 3.217 3.484 3.347 0.049 3.267
9 3.217 3.467 3.355 0.049 3.4
10 3.2 3.467 3.361 0.046 3.35
11 3.2 3.45 3.355 0.049 3.334
12 3.2 3.467 3.363 0.045 3.35
13 3.217 3.484 3.363 0.047 3.35
14 3.267 3.45 3.368 0.044 3.35
15 3.267 3.434 3.368 0.041 3.417
16 3.3 3.45 3.402 0.031 3.417
17 3.334 3.434 3.412 0.012 3.417
18 3.35 3.417 3.415 0.007 3.417
19 3.4 3.417 3.417 0.002 3.417
20 3.417 3.417 3.417 0.0 3.417
21 3.417 3.417 3.417 0.0 3.417
22 3.417 3.417 3.417 0.0 3.417
23 3.4 3.417 3.417 0.001 3.417
24 3.417 3.417 3.417 0.0 3.417
25 3.417 3.417 3.417 0.0 3.417
26 3.417 3.417 3.417 0.0 3.417
27 3.417 3.417 3.417 0.0 3.417
28 3.417 3.417 3.417 0.0 3.417
29 3.417 3.417 3.417 0.0 3.417
30 3.417 3.417 3.417 0.0 3.417
31 3.417 3.417 3.417 0.0 3.417
32 3.417 3.417 3.417 0.0 3.417
33 3.417 3.417 3.417 0.0 3.417
34 3.417 3.417 3.417 0.0 3.417
35 3.417 3.417 3.417 0.0 3.417
36 3.417 3.417 3.417 0.0 3.417
37 3.417 3.417 3.417 0.0 3.417
38 3.417 3.417 3.417 0.0 3.417
39 3.4 3.417 3.417 0.001 3.417
40 3.417 3.417 3.417 0.0 3.417
41 3.417 3.417 3.417 0.0 3.417
42 3.417 3.417 3.417 0.0 3.417
43 3.417 3.417 3.417 0.0 3.417
44 3.417 3.417 3.417 0.0 3.417
45 3.417 3.417 3.417 0.0 3.417
46 3.417 3.417 3.417 0.0 3.417
47 3.417 3.417 3.417 0.0 3.417
48 3.417 3.417 3.417 0.0 3.417
49 3.417 3.417 3.417 0.0 3.417
50 3.417 3.417 3.417 0.0 3.417
51 3.417 3.417 3.417 0.0 3.417
52 3.417 3.417 3.417 0.0 3.417
53 3.417 3.417 3.417 0.0 3.417
54 3.417 3.417 3.417 0.0 3.417
55 3.417 3.417 3.417 0.0 3.417
56 3.417 3.417 3.417 0.0 3.417
57 3.417 3.417 3.417 0.0 3.417
58 3.417 3.417 3.417 0.0 3.417
59 3.417 3.417 3.417 0.0 3.417
60 3.417 3.417 3.417 0.0 3.417
61 3.417 3.417 3.417 0.0 3.417
62 3.417 3.417 3.417 0.0 3.417
63 3.417 3.417 3.417 0.0 3.417
64 3.417 3.417 3.417 0.0 3.417
65 3.417 3.417 3.417 0.0 3.417
66 3.417 3.417 3.417 0.0 3.417
67 3.417 3.417 3.417 0.0 3.417
68 3.417 3.417 3.417 0.0 3.417
69 3.417 3.417 3.417 0.0 3.417
70 3.417 3.417 3.417 0.0 3.417
71 3.417 3.417 3.417 0.0 3.417
72 3.417 3.417 3.417 0.0 3.417
73 3.417 3.417 3.417 0.0 3.417
74 3.417 3.417 3.417 0.0 3.417
75 3.417 3.417 3.417 0.0 3.417
76 3.417 3.417 3.417 0.0 3.417
77 3.417 3.417 3.417 0.0 3.417
78 3.417 3.417 3.417 0.0 3.417
79 3.417 3.417 3.417 0.0 3.417
80 3.417 3.417 3.417 0.0 3.417
81 3.417 3.417 3.417 0.0 3.417
82 3.417 3.417 3.417 0.0 3.417
83 3.417 3.417 3.417 0.0 3.417
84 3.417 3.417 3.417 0.0 3.417
85 3.417 3.417 3.417 0.0 3.417
86 3.417 3.417 3.417 0.0 3.417
87 3.417 3.417 3.417 0.0 3.417
88 3.417 3.417 3.417 0.0 3.417
89 3.417 3.417 3.417 0.0 3.417
90 3.417 3.417 3.417 0.0 3.417
91 3.417 3.417 3.417 0.0 3.417
92 3.417 3.417 3.417 0.0 3.417
93 3.417 3.417 3.417 0.0 3.417
94 3.417 3.417 3.417 0.0 3.417
95 3.417 3.417 3.417 0.0 3.417
96 3.417 3.417 3.417 0.0 3.417
97 3.417 3.417 3.417 0.0 3.417
98 3.417 3.417 3.417 0.0 3.417
99 3.417 3.417 3.417 0.0 3.417
100 3.417 3.417 3.417 0.0 3.417
