1 -0.29 -0.29 -0.29 0.0 2.6
2 -0.57 3.384 0.938 0.933 2.35
3 -0.58 3.717 0.954 0.974 2.567
4 -0.48 3.667 1.16 1.116 2.634
5 -0.25 3.834 1.277 1.092 3.434
6 -0.6 3.884 1.177 1.167 3.5
7 -0.28 3.934 1.485 1.144 3.6
8 -0.26 4.034 1.771 1.234 3.75
9 -0.5 4.05 1.702 1.211 3.767
10 -0.25 3.85 1.881 1.256 3.7
11 -0.26 4.25 1.962 1.294 3.8
12 -0.26 4.2 1.961 1.228 3.95
13 -0.26 4.084 2.129 1.31 3.984
14 -0.24 4.384 2.127 1.335 4.034
15 -0.25 4.3 2.134 1.318 4.0
16 -0.24 4.25 2.329 1.246 4.084
17 0.08 4.317 2.364 1.316 4.134
18 -0.2 4.284 2.418 1.265 4.117
19 -0.01 4.367 2.651 1.187 4.184
20 -0.2 4.35 2.586 1.29 4.134
21 -0.2 4.317 2.777 1.251 4.2
22 0.08 4.5 2.91 1.149 4.25
23 0.09 4.367 2.931 1.152 4.25
24 0.08 4.484 2.913 1.202 4.3
25 -0.2 4.45 2.879 1.33 4.217
26 -0.18 4.567 2.875 1.315 4.267
27 0.08 4.517 2.904 1.32 4.334
28 0.08 4.5 3.085 1.199 4.3
29 -0.22 4.5 3.054 1.226 4.3
30 0.08 4.65 3.071 1.126 4.35
31 -0.22 4.55 3.17 1.224 4.35
32 0.09 4.517 3.058 1.175 4.384
33 0.09 4.634 3.225 1.182 4.417
34 0.08 4.517 3.178 1.166 4.4
35 0.08 4.584 3.295 1.132 4.45
36 0.09 4.534 3.258 1.112 4.4
37 -0.21 4.667 3.167 1.194 4.317
38 0.09 4.634 3.459 1.017 4.417
39 -0.23 4.617 3.323 1.25 4.35
40 0.08 4.6 3.46 1.136 4.384
41 0.08 4.6 3.405 1.126 4.417
42 0.12 4.717 3.606 0.994 4.434
43 0.08 4.7 3.499 1.058 4.45
44 0.09 4.65 3.479 1.109 4.5
45 0.12 4.667 3.477 1.025 4.517
46 0.08 4.617 3.474 1.081 4.55
47 -0.22 4.667 3.508 1.173 4.484
48 0.08 4.684 3.517 1.126 4.434
49 0.09 4.717 3.668 0.918 4.5
50 0.08 4.7 3.513 1.091 4.484
51 0.08 4.767 3.683 0.948 4.5
52 0.08 4.65 3.7 0.995 4.5
53 0.08 4.667 3.629 1.068 4.484
54 0.09 4.75 3.676 0.989 4.484
55 0.09 4.717 3.807 0.898 4.467
56 0.09 4.75 3.694 0.987 4.467
57 0.08 4.734 3.706 0.972 4.55
58 0.09 4.784 3.696 1.027 4.584
59 0.09 4.734 3.85 0.893 4.584
60 0.12 4.7 3.692 0.996 4.6
61 -0.23 4.717 3.808 0.998 4.55
62 0.02 4.717 3.84 0.989 4.55
63 0.08 4.75 3.824 0.926 4.534
64 0.12 4.684 3.848 0.956 4.55
65 0.08 4.784 3.847 0.977 4.584
66 0.09 4.734 3.822 0.923 4.6
67 0.12 4.734 3.81 1.008 4.567
68 0.09 4.8 3.82 0.958 4.5
69 0.09 4.767 3.877 0.924 4.55
70 0.12 4.784 3.945 0.879 4.484
71 0.12 4.734 3.917 0.883 4.6
72 0.08 4.767 3.838 1.081 4.634
73 0.08 4.734 3.81 0.971 4.534
74 0.1 4.767 3.998 0.807 4.5
75 0.12 4.75 4.002 0.82 4.567
76 0.69 4.85 3.993 0.756 4.634
77 0.12 4.75 3.983 0.815 4.567
78 0.09 4.684 3.994 0.763 4.617
79 0.08 4.767 4.029 0.789 4.584
80 1.01 4.784 4.028 0.751 4.534
81 0.09 4.784 3.925 1.062 4.517
82 0.12 4.784 4.061 0.784 4.534
83 0.09 4.75 3.894 0.961 4.567
84 0.59 4.834 3.952 0.875 4.617
85 0.12 4.75 4.03 0.897 4.567
86 0.08 4.75 4.074 0.793 4.634
87 0.09 4.717 4.059 0.794 4.617
88 0.09 4.75 3.998 0.886 4.617
89 0.32 4.7 4.014 0.817 4.584
90 0.08 4.75 3.939 0.95 4.584
91 0.32 4.817 4.107 0.681 4.617
92 0.09 4.8 4.14 0.77 4.65
93 0.69 4.834 4.12 0.807 4.634
94 0.08 4.8 4.03 0.937 4.65
95 0.1 4.784 4.052 0.81 4.6
96 0.09 4.75 3.931 1.012 4.617
97 0.1 4.8 4.09 0.831 4.584
98 0.63 4.784 4.185 0.692 4.567
99 0.12 4.767 4.093 0.861 4.65
100 0.09 4.834 4.12 0.8 4.684
