1 0.09 3.25 1.814 0.754 3.167
2 -0.2 3.517 2.421 0.838 3.284
3 -0.17 3.7 2.696 0.744 3.3
4 0.12 3.667 2.82 0.658 3.55
5 -0.19 3.734 2.898 0.761 3.517
6 -0.25 3.984 3.028 0.651 3.617
7 -0.22 3.984 2.961 0.95 3.667
8 0.09 4.0 3.187 0.611 3.734
9 0.09 3.984 3.154 0.886 3.734
10 0.09 4.167 3.354 0.556 3.867
11 0.12 4.117 3.421 0.663 3.8
12 0.09 4.15 3.401 0.593 3.867
13 -0.19 4.2 3.357 0.867 3.734
14 1.567 4.084 3.444 0.466 3.9
15 -0.2 4.2 3.247 1.141 3.9
16 0.09 4.217 3.414 0.611 4.017
17 -0.19 4.25 3.302 1.028 3.867
18 0.09 4.3 3.503 0.649 4.017
19 0.12 4.217 3.548 0.845 4.0
20 0.09 4.317 3.66 0.542 4.15
21 0.12 4.217 3.666 0.736 4.017
22 0.09 4.4 3.501 0.707 4.067
23 0.12 4.317 3.402 1.041 4.034
24 0.09 4.434 3.681 0.485 3.984
25 -0.2 4.267 3.708 0.694 3.967
26 1.934 4.3 3.766 0.417 4.084
27 0.12 4.3 3.721 0.732 4.167
28 0.13 4.317 3.804 0.549 4.134
29 0.64 4.484 3.934 0.393 4.167
30 0.12 4.417 3.93 0.509 4.2
31 2.8 4.4 4.0 0.302 4.2
32 0.12 4.484 3.836 0.684 4.184
33 1.617 4.384 3.982 0.42 4.25
34 0.64 4.484 3.918 0.715 4.284
35 2.117 4.517 3.997 0.439 4.3
36 0.12 4.45 3.789 0.851 4.4
37 1.517 4.534 4.015 0.407 4.35
38 0.7 4.467 4.087 0.469 4.3
39 2.4 4.634 4.132 0.363 4.45
40 0.64 4.567 4.082 0.58 4.484
41 2.734 4.684 4.089 0.373 4.334
42 -0.2 4.534 4.012 0.654 4.4
43 1.9 4.6 4.154 0.382 4.417
44 0.96 4.617 4.065 0.551 4.534
45 1.95 4.6 4.162 0.388 4.5
46 1.534 4.584 4.159 0.451 4.5
47 2.934 4.617 4.249 0.31 4.467
48 1.567 4.684 4.256 0.394 4.584
49 2.5 4.65 4.251 0.367 4.45
50 0.13 4.617 4.057 0.89 4.467
51 2.55 4.667 4.351 0.274 4.517
52 0.12 4.684 4.325 0.454 4.584
53 2.534 4.75 4.343 0.34 4.6
54 2.734 4.7 4.304 0.363 4.65
55 1.634 4.767 4.312 0.374 4.667
56 0.71 4.75 4.342 0.433 4.467
57 2.034 4.717 4.178 0.448 4.55
58 0.12 4.7 4.208 0.64 4.7
59 2.8 4.75 4.372 0.343 4.617
60 1.467 4.767 4.293 0.525 4.65
61 3.084 4.734 4.403 0.321 4.567
62 1.567 4.734 4.249 0.562 4.617
63 0.1 4.817 4.399 0.428 4.584
64 1.5 4.8 4.415 0.398 4.65
65 2.85 4.784 4.439 0.278 4.467
66 1.65 4.817 4.39 0.45 4.534
67 3.317 4.767 4.466 0.259 4.667
68 1.7 4.784 4.386 0.47 4.734
69 1.01 4.817 4.498 0.367 4.784
70 3.467 4.8 4.544 0.206 4.717
71 1.01 4.8 4.483 0.356 4.7
72 3.684 4.85 4.564 0.17 4.667
73 1.01 4.784 4.511 0.361 4.75
74 3.35 4.834 4.545 0.238 4.717
75 2.7 4.834 4.559 0.272 4.784
76 1.01 4.85 4.499 0.378 4.634
77 0.92 4.9 4.521 0.41 4.767
78 3.017 4.867 4.523 0.307 4.634
79 2.617 4.9 4.488 0.416 4.85
80 3.567 4.867 4.63 0.168 4.75
81 1.01 4.85 4.538 0.516 4.734
82 3.6 4.85 4.606 0.189 4.734
83 3.584 4.85 4.618 0.216 4.834
84 3.684 4.917 4.628 0.194 4.734
85 1.01 4.834 4.525 0.406 4.867
86 3.1 4.9 4.642 0.196 4.667
87 2.017 4.867 4.507 0.431 4.8
88 1.01 4.884 4.503 0.571 4.734
89 1.01 4.867 4.626 0.315 4.85
90 3.117 4.9 4.645 0.19 4.734
91 1.01 4.884 4.632 0.41 4.817
92 2.784 4.934 4.634 0.25 4.8
93 1.01 4.934 4.564 0.43 4.8
94 3.384 4.917 4.563 0.271 4.75
95 2.684 4.867 4.542 0.39 4.734
96 1.01 4.917 4.572 0.458 4.734
97 3.167 4.867 4.667 0.169 4.8
98 2.934 4.984 4.669 0.223 4.834
99 1.01 4.934 4.625 0.5 4.8
100 1.01 4.95 4.63 0.406 4.85
1 -0.61 3.4 0.536 0.889 0.12
2 -0.24 3.8 0.689 0.874 3.834
3 -0.37 4.134 1.342 1.152 0.98
4 -0.2 4.8 1.437 0.963 3.384
5 -0.2 4.534 2.039 1.337 4.117
6 -0.5 4.567 2.269 1.348 1.384
7 -0.2 4.65 2.154 1.326 0.89
8 -0.23 4.584 1.275 1.344 0.75
9 -0.23 4.25 1.152 1.01 4.134
10 0.0 4.717 2.483 1.355 2.734
1 -0.6 3.584 0.568 0.894 0.12
2 -0.58 4.167 1.071 1.011 2.934
3 -0.55 3.884 1.288 1.174 3.217
4 -0.31 4.167 1.652 1.309 4.067
5 -0.24 4.567 1.815 1.385 4.184
6 -0.24 4.5 2.301 1.411 4.334
7 -0.22 4.734 2.39 1.442 4.25
8 -0.21 4.65 2.59 1.419 3.434
9 0.02 4.484 2.199 1.538 0.64
10 -0.22 4.517 1.478 1.431 3.45
11 -0.22 4.65 2.651 1.357 0.64
12 -0.23 4.667 1.976 1.513 3.117
13 -0.58 4.75 2.092 1.549 0.56
14 -0.2 4.634 2.13 1.483 2.917
15 0.08 4.634 2.283 1.558 3.55
1 -0.59 3.65 0.626 0.943 0.13
2 -0.24 3.834 1.075 0.999 2.734
3 -0.22 3.85 1.656 1.151 2.45
4 0.04 3.7 2.609 0.771 3.2
5 2.084 3.667 3.076 0.332 3.267
6 2.55 3.517 3.267 0.127 3.367
7 3.167 3.517 3.359 0.07 3.484
8 3.284 3.534 3.421 0.05 3.45
9 3.284 3.55 3.441 0.052 3.484
10 3.3 3.55 3.456 0.043 3.45
11 3.3 3.534 3.469 0.035 3.45
12 3.334 3.517 3.465 0.024 3.484
13 3.434 3.517 3.478 0.015 3.484
14 3.45 3.484 3.482 0.008 3.484
15 3.45 3.484 3.484 0.002 3.484
16 3.45 3.484 3.484 0.002 3.484
17 3.484 3.484 3.484 0.0 3.484
18 3.484 3.484 3.484 0.0 3.484
19 3.484 3.484 3.484 0.0 3.484
20 3.484 3.484 3.484 0.0 3.484
21 3.484 3.484 3.484 0.0 3.484
22 3.484 3.484 3.484 0.0 3.484
23 3.484 3.484 3.484 0.0 3.484
24 3.484 3.484 3.484 0.0 3.484
1 -0.62 3.934 0.623 0.965 0.13
2 -0.25 4.217 1.237 1.153 3.5
3 -0.26 3.934 2.279 1.21 3.434
4 0.13 3.784 3.281 0.432 3.534
5 2.884 3.717 3.492 0.129 3.6
6 3.367 3.717 3.563 0.072 3.65
7 3.45 3.734 3.614 0.052 3.55
8 3.467 3.767 3.622 0.051 3.634
9 3.5 3.767 3.614 0.049 3.617
10 3.467 3.734 3.614 0.044 3.65
11 3.484 3.767 3.624 0.039 3.65
12 3.55 3.7 3.633 0.031 3.65
13 3.6 3.684 3.644 0.021 3.65
14 3.6 3.667 3.646 0.018 3.65
15 3.617 3.667 3.656 0.01 3.667
16 3.65 3.667 3.667 0.003 3.667
17 3.667 3.667 3.667 0.0 3.667
18 3.667 3.667 3.667 0.0 3.667
19 3.667 3.667 3.667 0.0 3.667
20 3.65 3.667 3.667 0.001 3.667
1 -0.61 3.3 0.458 0.86 2.15
2 -0.58 3.934 0.877 0.964 3.9
3 -0.25 3.65 1.332 1.104 3.067
4 -0.22 4.3 1.573 1.155 4.05
5 -0.24 4.8 1.871 1.509 3.334
6 -0.2 4.517 2.333 1.43 2.234
7 -0.26 4.45 1.646 1.457 1.534
8 -0.2 4.517 1.795 1.137 3.984
9 0.02 4.6 2.412 1.428 3.017
10 -0.2 4.467 1.867 1.265 3.617
11 0.07 4.734 2.597 1.493 2.85
12 -0.2 4.834 2.244 1.404 3.917
13 -0.02 4.767 2.636 1.489 2.867
