1 -0.46 0.24 -0.181 0.123 2.567
2 -0.6 3.617 0.901 0.96 2.684
3 -0.62 3.7 1.055 0.97 2.8
4 -0.59 3.817 1.028 0.986 2.217
5 -0.26 3.7 1.09 1.033 2.3
6 -0.27 3.534 1.117 1.014 2.45
7 -0.59 3.95 1.12 1.047 2.567
8 -0.27 3.584 1.384 1.179 2.517
9 -0.25 3.634 1.318 1.053 2.584
10 -0.28 4.017 1.422 1.176 3.284
11 -0.55 3.9 1.384 1.139 3.334
12 -0.25 3.7 1.263 1.107 3.467
13 -0.53 3.884 1.203 1.106 3.417
14 -0.27 4.184 1.41 1.085 3.517
15 -0.24 3.834 1.351 1.207 3.484
16 -0.25 3.917 1.491 1.232 3.467
17 -0.26 4.067 1.462 1.221 3.567
18 -0.25 3.684 1.473 1.17 3.584
19 -0.58 4.017 1.534 1.19 3.717
20 -0.23 3.967 1.717 1.203 3.634
21 -0.22 4.25 1.813 1.276 3.6
22 -0.23 4.117 1.844 1.195 3.717
23 -0.24 4.0 1.745 1.23 3.734
24 -0.24 4.084 1.821 1.245 3.767
25 -0.23 4.05 1.912 1.259 3.834
26 -0.26 4.167 1.998 1.295 3.817
27 -0.3 4.217 1.916 1.234 3.884
28 -0.25 3.934 2.119 1.23 3.8
29 -0.53 4.05 1.984 1.333 3.884
