-0.03
0.01
-0.18
0.01
0.07
0.12
0.37
0.27
1.85
0.64
0.35
0.3
0.31
-0.16
0.32
0.32
0.32
0.32
1.01
0.42
0.42
0.42
-0.16
0.43
0.42
0.42
0.44
1.334
0.63
1.117
0.46
0.96
0.89
0.32
0.51
0.57
1.01
0.63
0.57
0.63
0.57
0.4
0.4
0.94
0.51
0.63
0.66
1.817
0.63
0.57
0.56
0.63
1.967
0.63
2.117
1.01
1.834
2.517
0.93
2.534
0.86
2.167
2.5
1.567
2.0
2.417
2.267
0.97
2.267
2.167
2.134
1.284
1.0
0.96
0.95
1.384
1.234
1.767
1.867
0.32
1.434
2.65
1.067
1.584
2.584
2.534
2.534
1.85
1.6
1.484
1.534
2.067
1.284
2.667
2.45
2.667
1.417
2.617
3.15
3.084
3.134
3.15
