0.08
-0.19
0.05
0.12
0.12
0.12
0.12
0.31
0.27
0.32
-0.16
0.32
-0.16
0.32
0.32
-0.16
0.32
0.32
0.32
-0.16
0.32
0.32
0.32
0.31
0.32
0.32
0.32
0.32
0.32
0.32
0.32
0.32
0.32
0.32
0.32
0.31
0.32
0.32
0.32
0.32
0.32
0.32
0.32
0.32
0.32
0.32
0.32
0.32
0.32
0.32
0.32
0.32
0.32
0.32
0.32
0.32
0.32
0.32
0.32
0.32
0.31
0.32
0.32
0.32
0.32
0.32
0.32
0.32
0.32
0.32
0.32
0.32
0.32
0.32
0.32
0.43
0.32
0.43
0.43
0.43
0.43
0.43
0.6
0.6
0.6
0.6
0.32
0.83
0.61
0.58
0.56
0.57
0.57
0.5
1.5
1.45
2.384
2.184
2.3
2.45
2.6
