1 -0.5 0.11 -0.25 0.068 2.15
2 -0.6 3.434 0.878 0.982 2.584
3 -0.54 3.617 1.185 1.063 2.717
4 -0.29 3.767 1.557 1.185 3.5
5 -0.25 3.884 1.576 1.214 3.5
6 -0.24 3.967 1.624 1.2 3.684
7 -0.25 4.134 1.969 1.271 3.767
8 -0.2 4.217 2.196 1.251 3.717
9 -0.2 4.317 2.349 1.269 3.95
10 -0.2 4.4 2.38 1.302 4.0
11 -0.23 4.384 2.509 1.24 4.067
12 -0.18 4.567 2.731 1.281 4.05
13 -0.22 4.417 2.908 1.225 4.284
14 0.02 4.5 2.91 1.242 4.15
15 0.08 4.484 3.084 1.151 4.234
16 -0.23 4.534 3.175 1.146 4.134
17 0.08 4.55 3.149 1.147 4.267
18 0.09 4.75 3.201 1.187 4.217
19 0.08 4.684 3.373 1.08 4.234
20 -0.22 4.634 3.274 1.101 4.217
21 -0.22 4.684 3.319 1.131 4.4
22 0.12 4.917 3.389 1.142 4.184
23 0.08 4.667 3.098 1.414 4.417
24 0.12 4.85 3.48 1.034 4.35
25 -0.22 4.817 3.104 1.426 4.617
26 -0.24 4.85 3.354 1.176 4.634
27 0.08 4.8 3.737 1.019 4.6
28 0.07 4.817 3.491 1.244 3.55
29 -0.2 4.734 3.527 1.039 4.634
30 -0.21 4.85 3.403 1.399 3.684
31 -0.2 4.834 3.494 1.261 4.65
32 0.68 4.917 3.659 1.126 4.667
33 0.12 4.817 3.881 0.969 4.634
34 0.08 4.8 3.674 1.239 4.634
35 0.12 4.867 3.924 0.99 4.617
36 0.08 4.85 3.822 1.133 4.667
37 -0.2 5.017 3.846 1.067 4.734
38 0.08 5.034 3.709 1.379 4.767
39 0.12 4.967 3.911 1.116 4.734
40 -0.24 4.95 3.735 1.338 4.767
41 0.12 5.017 4.12 0.978 4.8
42 0.08 4.95 3.967 1.141 4.717
43 0.12 4.917 3.989 1.009 4.734
44 0.12 5.0 4.007 1.082 4.734
45 0.08 4.95 4.18 0.974 4.8
46 0.12 4.934 4.346 0.777 4.8
47 0.61 4.984 4.273 0.844 4.834
48 0.12 5.0 4.319 0.779 4.8
49 0.09 5.05 4.389 0.807 4.8
50 -0.18 4.984 4.299 0.804 4.85
51 0.08 5.05 4.399 0.742 4.8
52 -0.49 5.067 4.376 0.93 5.0
53 0.08 5.084 4.429 0.733 4.867
54 0.12 5.034 4.338 0.911 4.817
55 -0.17 5.017 4.286 0.937 4.817
56 0.67 4.984 4.377 0.715 4.8
57 0.12 5.0 4.34 0.78 4.817
58 2.3 5.05 4.58 0.471 4.967
59 1.01 5.1 4.507 0.702 4.95
60 0.08 5.084 4.529 0.669 4.884
61 0.69 5.034 4.455 0.8 4.934
62 0.12 5.117 4.549 0.621 4.867
63 0.32 5.084 4.473 0.654 4.884
64 0.09 5.084 4.45 0.801 4.95
65 0.12 5.067 4.577 0.627 4.917
66 -0.18 5.067 4.434 0.879 4.834
67 0.64 5.067 4.572 0.464 4.95
68 0.12 5.034 4.536 0.609 4.917
69 0.12 5.117 4.545 0.714 4.934
70 -0.17 5.167 4.511 0.769 4.95
71 0.12 5.15 4.594 0.658 4.934
72 0.12 5.217 4.583 0.68 4.967
73 -0.16 5.084 4.416 1.002 4.967
74 0.81 5.1 4.49 0.795 4.984
75 -0.18 5.15 4.446 0.99 4.934
76 0.12 5.117 4.601 0.711 5.0
77 0.08 5.117 4.607 0.775 4.9
78 -0.18 5.117 4.616 0.609 4.967
79 1.8 5.084 4.636 0.549 4.967
80 2.634 5.1 4.723 0.381 5.0
81 0.12 5.1 4.449 1.031 5.0
82 1.01 5.134 4.706 0.571 5.0
83 0.83 5.217 4.669 0.675 5.017
84 1.01 5.134 4.712 0.464 5.067
85 -0.17 5.134 4.664 0.719 5.017
86 -0.18 5.184 4.624 0.74 5.017
87 0.12 5.184 4.601 0.68 5.017
88 1.01 5.184 4.704 0.506 5.017
89 0.12 5.234 4.637 0.757 5.017
90 1.01 5.117 4.687 0.492 4.967
91 0.12 5.117 4.688 0.627 5.017
92 1.5 5.3 4.667 0.496 5.034
93 0.09 5.134 4.613 0.844 5.067
94 -0.18 5.15 4.585 0.899 4.984
95 2.234 5.117 4.763 0.367 5.034
96 2.617 5.117 4.756 0.327 5.017
97 0.12 5.184 4.724 0.777 5.05
98 0.08 5.134 4.699 0.601 5.034
99 0.12 5.2 4.648 0.67 5.0
100 0.12 5.3 4.723 0.749 5.017
