1 -0.35 -0.15 -0.274 0.033 -0.01
2 -0.56 0.38 -0.146 0.185 0.08
3 -0.56 0.31 -0.134 0.185 0.28
4 -0.54 0.32 -0.133 0.191 0.32
5 -0.52 0.32 -0.13 0.201 0.12
6 -0.54 0.31 -0.154 0.209 0.12
7 -0.53 0.53 -0.134 0.215 0.12
8 -0.56 0.29 -0.159 0.211 0.12
9 -0.52 0.32 -0.151 0.199 0.12
10 -0.52 0.31 -0.157 0.201 0.12
11 -0.56 0.32 -0.147 0.202 0.12
12 -0.51 0.28 -0.15 0.207 0.12
13 -0.55 0.32 -0.137 0.209 0.12
14 -0.52 0.28 -0.151 0.202 0.07
15 -0.56 0.24 -0.162 0.187 0.12
16 -0.51 0.28 -0.165 0.174 0.12
17 -0.51 0.12 -0.155 0.169 0.12
18 -0.52 0.26 -0.148 0.186 0.12
19 -0.51 0.33 -0.133 0.202 0.12
20 -0.51 0.32 -0.149 0.198 0.12
21 -0.51 0.12 -0.161 0.151 0.12
22 -0.6 0.42 -0.116 0.199 0.12
23 -0.51 0.32 -0.108 0.189 0.12
24 -0.55 0.32 -0.08 0.205 0.32
25 -0.52 0.36 -0.058 0.199 0.32
26 -0.52 0.42 -0.046 0.206 0.32
27 -0.51 0.43 -0.002 0.219 0.32
28 -0.51 0.4 -0.003 0.223 0.32
29 -0.52 0.42 -0.002 0.23 0.32
30 -0.5 0.42 0.019 0.233 0.12
31 -0.51 0.4 0.008 0.208 0.32
32 -0.6 0.42 0.04 0.215 0.32
33 -0.52 0.4 0.057 0.219 0.32
34 -0.51 0.41 0.023 0.204 0.32
35 -0.5 0.43 0.114 0.209 0.32
36 -0.51 0.37 0.081 0.21 0.32
37 -0.51 0.42 0.083 0.226 0.32
38 -0.51 0.37 0.126 0.195 0.32
39 -0.51 0.38 0.099 0.201 0.32
40 -0.6 0.43 0.099 0.224 0.32
41 -0.51 0.42 0.125 0.195 0.32
42 -0.52 0.41 0.154 0.202 0.32
43 -0.51 0.38 0.113 0.209 0.32
44 -0.49 0.41 0.147 0.197 0.32
45 -0.51 0.37 0.103 0.203 0.07
46 -0.45 0.43 0.158 0.179 0.32
47 -0.49 0.42 0.164 0.19 0.32
48 -0.55 0.43 0.126 0.204 0.32
49 -0.51 0.42 0.109 0.198 0.32
50 -0.48 0.37 0.132 0.183 0.32
51 -0.5 0.42 0.164 0.187 0.32
52 -0.29 0.42 0.146 0.185 0.32
53 -0.48 0.39 0.157 0.192 0.32
54 -0.49 0.42 0.162 0.185 0.07
55 -0.48 0.44 0.173 0.184 0.32
56 -0.51 0.42 0.161 0.183 0.32
57 -0.48 0.44 0.186 0.175 0.32
58 -0.49 0.44 0.185 0.182 0.32
59 -0.49 0.43 0.174 0.182 0.07
60 -0.47 0.42 0.177 0.173 0.32
61 -0.49 0.37 0.179 0.175 0.32
62 -0.48 0.43 0.182 0.179 0.32
63 -0.27 0.39 0.201 0.161 0.32
64 -0.23 0.42 0.236 0.142 0.32
65 -0.48 0.42 0.19 0.18 0.07
66 -0.47 0.42 0.203 0.172 0.32
67 -0.5 0.42 0.222 0.157 0.32
68 -0.48 0.43 0.238 0.141 0.32
69 -0.27 0.44 0.228 0.155 0.32
70 -0.23 0.42 0.253 0.132 0.32
71 -0.25 0.42 0.222 0.153 0.32
72 -0.49 0.42 0.231 0.159 0.32
73 -0.48 0.36 0.239 0.144 0.32
74 -0.18 0.37 0.266 0.109 0.32
75 -0.27 0.4 0.236 0.146 0.32
76 -0.17 0.42 0.257 0.13 0.32
77 -0.31 0.42 0.264 0.135 0.32
78 -0.24 0.43 0.261 0.127 0.32
79 -0.17 0.43 0.253 0.13 0.32
80 -0.22 0.42 0.257 0.131 0.32
81 -0.25 0.43 0.243 0.158 0.32
82 -0.25 0.43 0.242 0.15 0.32
83 -0.27 0.44 0.258 0.128 0.32
84 -0.18 0.42 0.251 0.134 0.32
85 -0.27 0.43 0.248 0.138 0.32
86 -0.2 0.43 0.232 0.151 0.32
87 -0.48 0.43 0.252 0.143 0.32
88 -0.23 0.42 0.232 0.143 0.32
89 -0.49 0.43 0.254 0.14 0.32
90 -0.16 0.43 0.267 0.12 0.32
91 -0.16 0.43 0.254 0.127 0.32
92 -0.33 0.44 0.252 0.145 0.32
93 -0.24 0.43 0.238 0.149 0.32
94 -0.28 0.43 0.248 0.151 0.32
95 -0.2 0.43 0.266 0.126 0.32
96 -0.24 0.43 0.23 0.143 0.32
97 -0.45 0.42 0.242 0.137 0.32
98 -0.51 0.43 0.24 0.152 0.32
99 -0.45 0.44 0.224 0.159 0.07
100 -0.3 0.42 0.25 0.137 0.07
