1 -0.17 3.2 1.855 0.753 3.217
2 -0.2 3.584 2.386 1.012 3.0
3 0.09 3.717 2.512 0.879 3.15
4 -0.22 3.967 1.53 1.527 2.917
5 -0.01 4.0 2.304 1.158 3.167
6 -0.22 3.984 1.912 1.455 3.3
7 0.09 4.017 2.983 0.722 3.267
8 -0.21 4.067 2.017 1.539 3.5
9 0.08 3.934 3.169 0.647 3.867
10 0.12 4.05 3.04 1.053 3.334
11 -0.21 4.0 2.997 0.861 3.317
12 -0.21 4.167 2.704 1.278 3.734
13 0.09 4.2 3.443 0.56 3.834
14 -0.21 4.117 3.028 1.067 3.817
15 0.09 4.15 3.573 0.592 3.984
16 0.13 4.167 3.556 0.684 3.584
17 0.09 4.25 3.366 0.666 4.1
18 0.12 4.4 3.188 1.158 4.05
19 0.09 4.35 3.729 0.591 4.1
20 0.13 4.334 3.799 0.536 3.534
21 0.09 4.367 3.463 0.692 3.3
22 -0.18 4.35 3.419 0.971 4.067
23 0.09 4.467 3.847 0.555 3.334
24 0.12 4.4 3.371 0.969 4.2
25 1.334 4.5 3.959 0.46 3.6
26 0.12 4.4 3.339 0.847 4.434
27 2.667 4.55 4.073 0.385 3.484
28 0.78 4.584 3.568 0.666 4.317
29 1.917 4.617 4.109 0.43 3.517
30 0.12 4.534 3.338 0.923 4.434
31 2.584 4.6 4.181 0.382 3.55
32 0.14 4.617 3.565 0.788 4.517
33 1.0 4.634 4.129 0.514 4.284
34 0.12 4.6 3.969 0.582 4.217
35 0.12 4.634 4.108 0.501 4.417
36 2.284 4.634 4.283 0.347 4.284
37 1.117 4.65 4.044 0.53 4.467
38 0.82 4.667 4.065 0.599 4.434
39 1.01 4.717 4.2 0.431 4.467
40 3.134 4.684 4.285 0.377 4.217
41 1.01 4.767 4.114 0.537 4.584
42 3.067 4.717 4.372 0.366 4.484
43 1.01 4.717 4.237 0.476 4.617
44 2.2 4.734 4.417 0.386 4.484
45 1.01 4.767 4.345 0.508 4.667
46 1.01 4.784 4.507 0.423 4.517
47 3.25 4.8 4.438 0.309 4.55
48 1.15 4.767 4.105 0.679 4.65
49 1.01 4.784 4.461 0.34 4.667
50 2.317 4.817 4.494 0.396 4.617
51 2.4 4.784 4.367 0.376 4.617
52 1.284 4.767 4.212 0.659 4.65
53 3.4 4.817 4.616 0.157 4.65
54 1.01 4.834 4.596 0.329 4.767
55 3.067 4.834 4.642 0.162 4.717
56 1.01 4.9 4.613 0.303 4.75
57 3.1 4.917 4.672 0.153 4.8
58 3.4 4.917 4.647 0.231 4.667
59 1.01 4.917 4.592 0.421 4.834
60 1.01 4.9 4.668 0.43 4.75
61 1.01 4.934 4.663 0.288 4.767
62 2.334 4.9 4.661 0.249 4.8
63 1.01 4.934 4.635 0.472 4.784
64 3.234 4.9 4.701 0.156 4.767
65 3.217 4.917 4.715 0.205 4.8
66 0.12 4.917 4.6 0.507 4.75
67 3.617 4.95 4.699 0.171 4.784
68 1.75 4.934 4.404 0.605 4.9
69 1.01 5.034 4.719 0.292 4.867
70 3.617 4.967 4.767 0.157 4.917
71 1.01 5.034 4.729 0.502 4.884
72 2.284 5.084 4.76 0.309 4.834
73 4.067 4.967 4.767 0.143 4.884
74 1.01 5.084 4.601 0.675 4.884
75 1.01 5.034 4.796 0.29 4.967
76 4.45 5.0 4.86 0.078 4.967
77 1.01 5.067 4.78 0.567 4.984
78 1.01 5.034 4.835 0.298 4.884
79 3.134 5.067 4.836 0.226 5.017
80 1.01 5.067 4.84 0.403 5.017
81 2.317 5.067 4.85 0.299 4.984
82 1.01 5.1 4.633 0.888 5.017
83 1.01 5.084 4.827 0.296 4.95
84 3.434 5.017 4.832 0.202 4.834
85 3.684 5.1 4.803 0.188 4.867
86 1.134 5.05 4.583 0.66 4.85
87 1.01 5.067 4.81 0.41 4.934
88 2.15 5.067 4.849 0.232 4.967
89 3.3 5.1 4.875 0.186 4.85
90 1.75 5.117 4.797 0.447 4.984
91 1.01 5.1 4.813 0.558 5.017
92 4.6 5.084 4.931 0.085 5.084
93 1.01 5.15 4.814 0.745 5.05
94 1.01 5.15 4.916 0.402 5.0
95 4.634 5.134 4.952 0.096 5.067
96 1.01 5.184 4.909 0.53 5.117
97 2.434 5.15 4.969 0.195 5.034
98 1.01 5.184 4.935 0.407 5.017
99 4.634 5.15 4.973 0.082 5.067
100 1.01 5.2 4.893 0.573 5.084
