1 -0.55 3.634 1.219 1.03 2.784
2 -0.24 3.734 1.435 1.237 3.367
3 -0.25 3.8 1.927 1.259 3.6
4 -0.21 4.05 2.106 1.165 3.817
5 -0.23 3.984 2.255 1.206 3.767
6 -0.22 4.05 2.616 1.103 3.884
7 -0.23 4.167 2.398 1.237 3.684
8 -0.17 4.184 2.325 1.282 3.517
9 -0.24 4.1 2.399 1.298 3.667
10 0.08 4.2 2.689 1.171 3.417
11 -0.24 4.234 2.714 1.16 3.6
12 -0.01 4.267 2.62 1.226 3.567
13 -0.21 4.234 2.667 1.2 3.784
14 -0.21 4.417 2.752 1.269 3.6
15 -0.2 4.4 2.814 1.132 3.867
16 0.08 4.267 3.091 1.066 3.384
17 0.12 4.317 3.312 0.895 3.917
18 0.08 4.417 2.953 1.164 3.534
19 0.12 4.467 2.918 1.126 3.95
20 0.09 4.45 3.201 1.014 3.35
21 -0.21 4.45 3.177 0.923 4.05
22 0.08 4.467 3.181 1.003 3.4
23 0.12 4.484 3.372 0.888 4.134
24 0.12 4.467 3.5 0.847 4.184
25 0.08 4.484 3.581 0.774 4.334
26 0.08 4.55 3.562 0.95 4.184
27 0.12 4.584 3.558 0.902 4.334
28 0.12 4.617 3.683 0.866 4.317
29 0.69 4.584 3.677 0.75 4.1
30 0.08 4.634 3.585 0.922 4.284
31 0.96 4.634 3.759 0.698 4.317
32 0.08 4.6 3.807 0.737 4.384
33 0.12 4.667 3.713 0.881 4.067
34 0.08 4.667 3.655 0.943 4.367
35 0.12 4.65 3.803 0.734 4.3
36 0.09 4.75 3.825 0.873 4.467
37 0.12 4.684 3.847 0.863 4.334
38 0.08 4.667 3.968 0.771 4.417
39 0.12 4.784 3.671 0.994 4.3
40 0.12 4.667 4.055 0.619 4.517
41 0.12 4.75 4.134 0.704 4.467
42 0.69 4.75 4.102 0.74 4.534
43 0.12 4.684 3.912 0.778 4.284
44 0.68 4.734 4.049 0.737 4.584
45 0.69 4.7 4.163 0.593 4.584
46 1.01 4.7 4.214 0.534 4.584
47 0.12 4.717 4.094 0.776 4.267
48 0.08 4.684 4.021 0.714 4.6
49 0.12 4.717 4.043 0.852 4.65
50 2.284 4.8 4.287 0.429 4.634
51 0.78 4.8 4.206 0.604 4.367
52 0.83 4.75 4.173 0.571 4.584
53 1.134 4.75 4.184 0.676 4.65
54 0.09 4.85 4.179 0.652 4.734
55 0.12 4.834 4.347 0.539 4.567
56 0.93 4.817 4.256 0.651 4.667
57 0.12 4.8 4.28 0.706 4.6
58 1.01 4.8 4.352 0.517 4.634
59 0.12 4.834 4.209 0.726 4.584
60 1.01 4.8 4.369 0.413 4.617
61 0.79 4.817 4.404 0.458 4.55
62 0.08 4.834 4.231 0.826 4.617
63 1.01 4.834 4.442 0.455 4.667
64 0.12 4.817 4.387 0.549 4.65
65 1.01 4.817 4.428 0.463 4.667
66 1.01 4.85 4.455 0.41 4.65
67 0.09 4.884 4.433 0.506 4.667
68 0.12 4.85 4.454 0.546 4.634
69 1.01 4.884 4.483 0.459 4.784
70 1.01 4.867 4.515 0.446 4.75
71 1.01 4.9 4.453 0.615 4.7
72 0.12 4.867 4.464 0.51 4.734
73 1.01 4.884 4.537 0.452 4.784
74 1.01 4.867 4.574 0.363 4.817
75 1.01 4.967 4.607 0.335 4.884
76 3.55 4.917 4.627 0.279 4.867
77 1.01 4.95 4.582 0.378 4.867
78 1.01 4.95 4.557 0.603 4.834
79 0.09 4.934 4.611 0.528 4.834
80 1.01 4.967 4.611 0.553 4.784
81 0.12 4.984 4.611 0.442 4.85
82 1.01 4.967 4.598 0.569 4.9
83 0.12 4.934 4.622 0.458 4.884
84 3.05 4.967 4.621 0.334 4.9
85 -0.17 4.967 4.566 0.651 4.884
86 1.01 4.984 4.633 0.516 4.9
87 0.12 5.017 4.649 0.474 4.95
88 1.01 4.984 4.625 0.455 4.834
89 3.117 4.984 4.725 0.231 4.85
90 0.12 5.034 4.574 0.699 4.917
91 0.32 5.0 4.617 0.719 4.95
92 3.15 5.034 4.736 0.212 4.917
93 3.317 5.0 4.744 0.246 4.95
94 -0.16 5.017 4.732 0.489 4.934
95 1.01 5.0 4.741 0.43 4.9
96 3.284 5.017 4.776 0.208 4.984
97 2.25 5.0 4.775 0.277 4.95
98 0.12 5.034 4.75 0.456 4.95
99 1.01 5.034 4.798 0.328 5.0
100 1.01 5.034 4.802 0.305 4.934
